,Zipcode,Wealthy,NEBoundLatitude,NEBoundLongitude,SWBoundLatitude,SWBoungLongitude
0,11368,8117.393910725819,40.765819,-73.83633189999998,40.734721,-73.8722191
1,10025,17713.924291754756,40.8108,-73.95699309999998,40.7878149,-73.98440699999998
2,10467,11480.586441376467,40.8965519,-73.85569100000001,40.854977000000005,-73.88771489999998
3,11208,9875.898104139982,40.697693,-73.85565989999998,40.644248,-73.890309
4,11220,9396.023946263982,40.65189489999999,-73.9977339,40.628656,-74.0372699
5,11226,12920.942415232545,40.660069,-73.94586899999999,40.633662,-73.972145
6,11373,11206.196399523904,40.749156799999994,-73.860272,40.722021999999996,-73.89200500000001
7,11385,14848.461203748782,40.714363,-73.8521449,40.682446899999995,-73.924532
8,10456,8468.317399794332,40.8428999,-73.89630179999999,40.8178659,-73.921171
9,11207,10021.562172060052,40.6934049,-73.86814100000001,40.634614899999995,-73.91604609999999
10,11211,14300.152535037783,40.7280089,-73.92072990000001,40.700833100000004,-73.96446970000001
11,11214,13300.2062732709,40.616313899999994,-73.98259999999998,40.578815899999995,-74.014775
12,11219,7634.678912612095,40.6471009,-73.98118079999998,40.6197119,-74.01270190000001
13,11230,13680.794741227664,40.636688,-73.95257690000001,40.608814,-73.97961690000001
14,11234,19806.393438700048,40.6416591,-73.86299989999998,40.5768721,-73.94482690000001
15,11236,16589.08436571258,40.6573719,-73.864982,40.6154449,-73.92220689999998
16,11355,10863.781369729013,40.7631529,-73.80281090000001,40.73867389999999,-73.841639
17,11377,13305.811432706223,40.76596290000001,-73.8885229,40.72855,-73.92403879999998
18,10002,17123.723915980838,40.724136,-73.972146,40.707282899999996,-73.99753179999998
19,10314,22014.23147000351,40.635172,-74.109539,40.566443,-74.208659
20,10453,8933.989145564366,40.860600899999994,-73.89994890000001,40.844632,-73.92844009999999
21,10458,8723.484803502239,40.8793399,-73.87392709999999,40.8509489,-73.89994890000001
22,11204,12119.642050835744,40.6349549,-73.97259000000003,40.605409,-74.000824
23,11206,9249.01367582061,40.713373,-73.92758789999998,40.6915989,-73.9574569
24,11212,9987.102508875741,40.675379,-73.899041,40.652065,-73.931607
25,11221,10204.938563914064,40.7013338,-73.908799,40.6835669,-73.94564190000001
26,11223,13775.483151490518,40.609986,-73.9589979,40.582584000000004,-73.98725499999998
27,11229,16238.377302606914,40.6171039,-73.9110519,40.580767,-73.96237990000002
28,11235,16943.716625385434,40.596542,-73.92597099999998,40.573656,-73.96992
29,10029,13817.101246003447,40.8006648,-73.930891,40.782531,-73.96256
30,10452,9599.295790158018,40.847256,-73.91131999999999,40.826854,-73.9334059
31,10457,8713.587877326374,40.85742,-73.88382,40.83434279999999,-73.91313690000001
32,10462,15801.750263907948,40.857386,-73.8381059,40.82819800000001,-73.87263809999999
33,10468,11045.726383979607,40.882923100000006,-73.88485500000002,40.856812100000006,-73.91929
34,11203,14234.818586394309,40.6636028,-73.91972899999998,40.633679,-73.95041590000001
35,11218,14379.203203935125,40.660227899999995,-73.96189989999998,40.6298709,-74.00214390000001
36,10009,25625.324954765518,40.735079,-73.9615189,40.7186121,-73.988451
37,10463,18903.238472855668,40.891287,-73.88692490000001,40.867245000000004,-73.933808
38,10466,13637.150325158891,40.904796000000005,-73.81971899999998,40.879424900000004,-73.8653801
39,10469,15271.519007669103,40.884212,-73.82721090000001,40.8561669,-73.863046
40,10472,9500.229482503992,40.83751289999999,-73.8454199,40.8228961,-73.88552879999999
41,11209,22770.270010021348,40.6389899,-74.0164581,40.602828,-74.04249200000001
42,11210,17336.419155592826,40.6402261,-73.93317990000001,40.61103689999999,-73.95840009999998
43,11213,10847.359104238869,40.6812979,-73.92424399999999,40.663021,-73.94806690000001
45,11233,10896.39747662297,40.686965,-73.90331590000001,40.66644489999999,-73.938223
46,11372,15061.673239690257,40.75879200000001,-73.86942479999998,40.746231,-73.897284
47,11375,28909.330903641632,40.7422849,-73.826466,40.704342,-73.85852179999998
49,10016,26067.929424358197,40.7521968,-73.9615441,40.736989,-73.987746
50,10023,20828.286156923183,40.785508,-73.97235479999998,40.767613,-73.990149
51,10024,18705.941467199704,40.798198,-73.962856,40.773376,-73.99570489999998
52,10027,15390.477565444588,40.823352,-73.940404,40.803047,-73.974882
53,10031,12723.14258123959,40.83738100000001,-73.93962599999998,40.817595000000004,-73.9659861
54,10032,13164.86563988069,40.851599,-73.934671,40.817116,-73.958608
55,10033,16338.821236509291,40.862545000000004,-73.92708,40.8303829,-73.95204389999998
56,10128,21464.713992688536,40.7916349,-73.942235,40.774935799999994,-73.967513
57,10306,23457.07336922499,40.60213710000001,-74.085802,40.5297511,-74.1698349
58,10312,26047.712835559152,40.57841079999999,-74.145088,40.5097569,-74.21299479999998
59,10460,9279.324824204778,40.857509,-73.862837,40.83025689999999,-73.89696590000001
60,10473,13975.817170491635,40.828596000000005,-73.83054779999998,40.797275799999994,-73.88444199999998
61,11216,12617.618491788791,40.6927649,-73.934715,40.669705,-73.9579739
62,11225,14865.076914955393,40.671352,-73.93997790000002,40.654871,-73.973125
63,11354,12288.477459091077,40.7786169,-73.8039849,40.7537669,-73.85370189999998
64,11432,13402.64876909668,40.728429999999996,-73.7735708,40.701341799999994,-73.8129119
65,11434,15593.817703664869,40.7002359,-73.756108,40.655578000000006,-73.79390790000001
66,11435,13869.059157710431,40.719062,-73.792107,40.68293200000001,-73.82667690000001
67,11691,10061.785708336804,40.61421800000001,-73.73799679999998,40.5884689,-73.7894708
68,10011,24802.525753177466,40.7587059,-73.99079809999998,40.73104310000001,-74.017022
69,10028,21363.228218249486,40.782531,-73.934972,40.770062,-73.9664641
70,10451,10313.191914772602,40.829957,-73.907741,40.8072549,-73.93414399999999
71,10459,8751.620296778558,40.8353939,-73.879983,40.8137119,-73.90379279999999
72,10461,16628.364243000276,40.8592041,-73.824444,40.832071899999995,-73.8619199
74,11224,11469.183343482915,40.583977000000004,-73.959395,40.570105100000006,-74.0129311
75,11237,9006.1797338464,40.715401,-73.90212799999998,40.6904089,-73.93480199999998
76,11238,25109.066339166093,40.6906939,-73.95475139999998,40.662054,-73.973648
77,11419,11736.855287962551,40.69719389999999,-73.80785809999998,40.6795369,-73.837544
79,10021,23424.278357131403,40.778186,-73.945138,40.763646,-73.97222690000001
80,10034,15528.628456872622,40.882214000000005,-73.90835190000001,40.855607,-73.938385
81,10040,14553.399618183987,40.8747751,-73.92215990000001,40.84535289999999,-73.945914
82,10301,18976.889109958192,40.649468,-74.0693309,40.600570000000005,-74.1196691
83,10304,18938.815277415684,40.638096000000004,-74.06876109999999,40.57758079999999,-74.12311179999998
84,10305,19854.772138254808,40.627407899999994,-74.05141590000002,40.5667179,-74.10197590000001
85,10454,7314.984492594477,40.814174,-73.89573589999998,40.792524,-73.93321879999998
86,10455,8200.53419891592,40.821192100000005,-73.895158,40.8059291,-73.921211
87,10465,19347.68808903623,40.862539899999994,-73.7900631,40.7999601,-73.84275199999998
88,10475,18080.885270333,40.890206,-73.81469190000001,40.8572229,-73.8387429
89,11103,17214.47287261475,40.771015999999996,-73.893221,40.753304,-73.922832
90,11106,18042.984051446947,40.769526,-73.91659,40.7524249,-73.94511109999998
91,11205,15130.204181737105,40.7066249,-73.94833100000001,40.68741490000001,-73.980632
92,11222,20100.26263063844,40.7429929,-73.92386499999998,40.718088,-73.97433690000001
93,11228,17791.154829137547,40.631296899999995,-73.99728490000001,40.602014000000004,-74.028503
94,11357,22803.060587484037,40.8054799,-73.78974579999998,40.7740231,-73.83824399999999
95,11358,18834.545224524583,40.774901,-73.78008790000001,40.748311,-73.809187
96,11365,17850.715587427814,40.751895000000005,-73.76896500000001,40.72717189999999,-73.812986
97,11367,16408.996759811922,40.74423480000001,-73.80860500000001,40.716029,-73.842736
98,11369,10526.452673831413,40.7718079,-73.846409,40.755952,-73.88840400000001
99,11370,9378.2811177182,40.7742261,-73.88164809999998,40.754388899999995,-73.901765
100,11374,20261.149610091743,40.736940000000004,-73.85087890000001,40.71048589999999,-73.87390699999999
101,11413,18244.509996916117,40.6903821,-73.73221989999998,40.654212,-73.76796390000001
102,11420,14520.30693962213,40.687123,-73.80122010000002,40.662759,-73.8369809
103,11421,14607.260970685205,40.702968,-73.84430689999998,40.6819179,-73.87069000000002
104,10010,65481.69991204373,40.745421,-73.97203739999998,40.73231,-73.994028
106,10022,22914.877584262624,40.7651359,-73.95612600000003,40.751444899999996,-73.97765500000001
107,10026,19032.16392671235,40.8112639,-73.94466690000002,40.7936419,-73.961077
108,10035,10948.186051988578,40.809582,-73.9142281,40.781075,-73.9493689
110,10309,24780.10443125557,40.5583249,-74.193264,40.500834000000005,-74.24816009999998
111,11102,17320.77461693962,40.78522100000001,-73.91358989999998,40.7638772,-73.94315399999998
112,11105,19698.36878543393,40.798052,-73.8840869,40.767485,-73.92797
113,11217,31912.904266882197,40.68986280000001,-73.97064,40.672638899999995,-73.991297
114,11231,31105.310385169185,40.69379179999999,-73.98807990000002,40.664569,-74.04781640000002
115,11364,22456.802170452906,40.762054,-73.733603,40.73035479999999,-73.77980600000001
116,11378,17159.784683113692,40.7369509,-73.8861221,40.7128169,-73.93741999999999
117,11379,22099.563998736397,40.73061,-73.85962090000002,40.70637199999999,-73.90285390000001
118,11412,16174.180981595093,40.7103169,-73.7451051,40.684551,-73.7831351
119,11417,15674.80139469051,40.685327,-73.83094,40.665184,-73.862346
120,11418,13662.989767210946,40.711652,-73.81322890000001,40.6892299,-73.85368790000001
121,11422,18948.197403451108,40.685121,-73.725055,40.633387,-73.75389100000001
122,11423,16062.834128122186,40.7301931,-73.75318390000001,40.705087,-73.7831351
123,11433,11439.772692507724,40.708596,-73.7703439,40.686913,-73.80347909999998
124,10001,48903.42702113544,40.8282129,-73.9321059,40.743451,-74.00794499999998
125,10012,63497.07824823577,40.732214899999995,-73.99179389999998,40.71951910000001,-74.0045751
126,10013,16280.012274368233,40.728263,-73.994378,40.7118841,-74.02151579999999
127,10030,12806.743471980444,40.824031899999994,-73.9367209,40.812791,-73.948677
128,10036,68251.99562947675,40.768738,-73.9781161,40.723624900000004,-74.004786
129,10039,12818.966689770457,40.83598,-73.93294089999998,40.819472999999995,-73.94384190000001
130,10075,75739.76394471881,40.777677000000004,-73.9470391,40.7692775,-73.9651481
131,10303,15305.950601814937,40.6454619,-74.143086,40.619285999999995,-74.20024690000001
132,10308,24749.422085755014,40.567856799999994,-74.134558,40.5357561,-74.164941
133,10310,18629.21985417835,40.645981899999995,-74.102526,40.620688,-74.1320581
134,10471,27215.238853503182,40.9152821,-73.88377890000001,40.885895899999994,-73.929428
135,11101,19114.329226181133,40.763864899999994,-73.9094829,40.727849,-73.97156600000001
136,11104,19130.77078437133,40.750966999999996,-73.909516,40.73547,-73.92763490000002
137,11232,10419.10942862197,40.6719948,-73.99167290000003,40.64340989999999,-74.0245759
138,11356,15231.957931564126,40.80188,-73.824998,40.7713049,-73.87125400000001
139,11361,21469.319198769488,40.775828000000004,-73.7537,40.751506899999995,-73.78930909999998
140,11414,21697.878040385494,40.6744389,-73.82641,40.617712,-73.864042
141,11416,11914.445034391216,40.6913639,-73.834265,40.6790729,-73.865365
142,11427,18800.664688678844,40.743576000000004,-73.7306159,40.717757,-73.77010690000002
143,11429,16102.960804620594,40.720483,-73.723826,40.7015649,-73.75407990000001
144,10017,101685.75342383108,40.757912,-73.964271,40.747251,-73.9818218
145,10037,17361.235932475884,40.820436,-73.932101,40.807113,-73.94339790000001
146,10038,34819.86236453202,40.7149948,-73.99365490000001,40.69814909999999,-74.010542
147,10302,14609.605092204529,40.642091,-74.12696190000001,40.616608,-74.1479319
148,10307,25618.318671963683,40.520732,-74.22526590000001,40.495928899999996,-74.255895
149,10470,17064.24586412084,40.913821,-73.844728,40.879948,-73.886894
150,10474,7945.464620144939,40.823159999999994,-73.86270379999998,40.787664,-73.9028491
151,11004,22062.423944063932,40.756870899999996,-73.70049300000001,40.7350791,-73.72295279999999
152,11239,14618.202792503547,40.660452,-73.86576389999998,40.6399781,-73.88999390000002
153,11360,26323.973575513657,40.790631,-73.762585,40.76970800000001,-73.79548000000003
154,11362,23276.831341524994,40.772469,-73.712985,40.7426781,-73.75863790000001
155,11366,20840.560301507543,40.736489899999995,-73.767995,40.71895,-73.81246800000001
156,11411,20469.530717827118,40.703384,-73.72554190000001,40.683223,-73.74864300000002
157,11415,20884.90264205573,40.716519,-73.81776909999998,40.7009059,-73.836618
158,11426,21843.387606594657,40.754202,-73.7105,40.7230841,-73.735156
159,11428,17838.119313439067,40.7306771,-73.728162,40.713325,-73.75764190000001
160,11436,14019.83163407432,40.686305100000006,-73.784318,40.661589899999996,-73.805768
161,11692,11772.866666666667,40.6243511,-73.7677958,40.5854348,-73.808821
162,11694,23229.57119756958,40.602835,-73.81583690000001,40.561768,-73.88209090000001
163,10005,110943.00476524176,40.709154,-73.99918690000001,40.6949951,-74.01358309999998
164,10007,163592.85289066972,40.717076,-74.000455,40.709806,-74.01375399999998
165,10018,154910.45190284948,40.7648468,-73.98088800000001,40.749724,-74.0124001
166,10044,21069.35245690764,40.773108,-73.93518979999999,40.744389899999994,-73.967697
167,10069,110112.78476630119,40.7825349,-73.986609,40.771612,-73.99776779999998
168,10280,69792.86260028015,40.713032,-74.01466789999998,40.698865000000005,-74.04036099999998
169,10282,123330.07233953587,40.725448,-74.01096779999999,40.711932,-74.02388599999998
170,10464,23876.492280546983,40.888999,-73.76466099999998,40.834465,-73.820461
171,11001,28620.655358404936,40.739171899999995,-73.684753,40.7102669,-73.73032590000001
172,11363,32794.560389238686,40.7846659,-73.73376,40.76402909999999,-73.75573790000001
173,11693,17542.756126216853,40.63957,-73.79362890000002,40.5815689,-73.8592479
174,10004,108003.68533505988,40.70684,-74.00606579999999,40.691794,-74.018884
175,10006,79732.86250415145,40.71369,-74.00998779999998,40.70587090000001,-74.01638009999998
177,10020,inf,40.76171890000001,-73.97720079999998,40.757284000000006,-73.984174
193,10111,inf,40.7596891,-73.976744,40.75839819999999,-73.97879820000001
194,10112,inf,40.759899,-73.97845,40.75843589999999,-73.980886
210,10165,8279049.0,40.7528011,-73.977677,40.751619,-73.9797679
213,10168,inf,40.75211900000001,-73.97604799999998,40.750775,-73.9781589
215,10170,12903393.5,40.754055,-73.9746481,40.7514411,-73.977677
232,11003,21085.10977850856,40.7150539,-73.684179,40.6836591,-73.72733389999998
233,11005,14078.348283499448,40.7596561,-73.704212,40.751726,-73.72117800000001
234,11040,29789.307856407235,40.774846999999994,-73.65099690000001,40.72331810000001,-73.7106841
235,11109,57036.093102469495,40.7473526,-73.955741,40.743871899999995,-73.95850300000001
240,11697,31461.87055650895,40.5695929,-73.87504899999998,40.5496511,-73.9376599
